]633;C]633;E;for i in `seq 0 1 350`;d8c337da-6555-4f47-ac72-34a81cef700b0 1 1 0 0
1 3 3 0 0
2 9 9 0 0
3 27 27 0 0
4 81 81 0 0
5 243 243 0 0
6 729 729 0 0
7 2187 2187 0 0
8 6561 6561 0 0
9 19683 19683 0 0
10 59049 59049 0 0
11 177147 177147 0 0
12 531441 531441 0 0
13 1.59432e+06 1.59432e+06 0 0
14 4.78297e+06 4.78297e+06 0 0
15 1.43489e+07 1.43489e+07 0 0
16 4.30467e+07 4.30467e+07 0 0
17 1.2914e+08 1.2914e+08 0 0
18 3.8742e+08 3.8742e+08 0 0
19 1.16226e+09 1.16226e+09 0 0
20 3.48678e+09 3.48678e+09 0 0
21 1.04604e+10 1.04604e+10 0 0
22 3.13811e+10 3.13811e+10 0 0
23 9.41432e+10 9.41432e+10 0 0
24 2.8243e+11 2.8243e+11 0 0
25 8.47289e+11 8.47289e+11 0 0
26 2.54187e+12 2.54187e+12 0 0
27 7.6256e+12 7.6256e+12 0 0
28 2.28768e+13 2.28768e+13 0 0
29 6.86304e+13 6.86304e+13 0 0
30 2.05891e+14 2.05891e+14 0 0
31 6.17673e+14 6.17673e+14 0 0
32 1.85302e+15 1.85302e+15 0 0
33 5.55906e+15 5.55906e+15 0 0
34 1.66772e+16 1.66772e+16 0 0
35 5.00315e+16 5.00315e+16 0 0
36 1.50095e+17 1.50095e+17 0 0
37 4.50284e+17 4.50284e+17 0 0
38 1.35085e+18 1.35085e+18 0 0
39 4.05256e+18 4.05256e+18 0 0
40 1.21577e+19 1.21577e+19 0 0
41 3.6473e+19 3.6473e+19 0 0
42 1.09419e+20 1.09419e+20 0 0
43 3.28257e+20 3.28257e+20 0 0
44 9.84771e+20 9.84771e+20 0 0
45 2.95431e+21 2.95431e+21 0 0
46 8.86294e+21 8.86294e+21 0 0
47 2.65888e+22 2.65888e+22 0 0
48 7.97664e+22 7.97664e+22 0 0
49 2.39299e+23 2.39299e+23 0 0
50 7.17898e+23 7.17898e+23 0 0
51 2.15369e+24 2.15369e+24 0 0
52 6.46108e+24 6.46108e+24 0 0
53 1.93832e+25 1.93832e+25 0 0
54 5.81497e+25 5.81497e+25 0 0
55 1.74449e+26 1.74449e+26 0 0
56 5.23348e+26 5.23348e+26 0 0
57 1.57004e+27 1.57004e+27 0 0
58 4.71013e+27 4.71013e+27 0 0
59 1.41304e+28 1.41304e+28 0 0
60 4.23912e+28 4.23912e+28 0 0
61 1.27173e+29 1.27173e+29 0 0
62 3.8152e+29 3.8152e+29 0 0
63 1.14456e+30 1.14456e+30 0 0
64 3.43368e+30 3.43368e+30 0 0
65 1.03011e+31 1.03011e+31 0 0
66 3.09032e+31 3.09032e+31 0 0
67 9.27095e+31 9.27095e+31 0 0
68 2.78128e+32 2.78128e+32 0 0
69 8.34385e+32 8.34385e+32 0 0
70 2.50316e+33 2.50316e+33 0 0
71 7.50947e+33 7.50947e+33 0 0
72 2.25284e+34 2.25284e+34 0 0
73 6.75852e+34 6.75852e+34 0 0
74 2.02756e+35 2.02756e+35 0 0
75 6.08267e+35 6.08267e+35 0 0
76 1.8248e+36 1.8248e+36 0 0
77 5.4744e+36 5.4744e+36 0 0
78 1.64232e+37 1.64232e+37 0 0
79 4.92696e+37 4.92696e+37 0 0
80 1.47809e+38 1.47809e+38 0 0
81 4.43426e+38 4.43426e+38 0 0
82 1.33028e+39 1.33028e+39 0 0
83 3.99084e+39 3.99084e+39 0 0
84 1.19725e+40 1.19725e+40 0 0
85 3.59175e+40 3.59175e+40 0 0
86 1.07753e+41 1.07753e+41 0 0
87 3.23258e+41 3.23258e+41 0 0
88 9.69774e+41 9.69774e+41 0 0
89 2.90932e+42 2.90932e+42 0 0
90 8.72796e+42 8.72796e+42 0 0
91 2.61839e+43 2.61839e+43 0 0
92 7.85517e+43 7.85517e+43 0 0
93 2.35655e+44 2.35655e+44 0 0
94 7.06965e+44 7.06965e+44 0 0
95 2.1209e+45 2.1209e+45 0 0
96 6.36269e+45 6.36269e+45 0 0
97 1.90881e+46 1.90881e+46 0 0
98 5.72642e+46 5.72642e+46 0 0
99 1.71793e+47 1.71793e+47 0 0
100 5.15378e+47 5.15378e+47 0 0
101 1.54613e+48 1.54613e+48 0 0
102 4.6384e+48 4.6384e+48 0 0
103 1.39152e+49 1.39152e+49 0 0
104 4.17456e+49 4.17456e+49 0 0
105 1.25237e+50 1.25237e+50 0 0
106 3.7571e+50 3.7571e+50 0 0
107 1.12713e+51 1.12713e+51 0 0
108 3.38139e+51 3.38139e+51 0 0
109 1.01442e+52 1.01442e+52 0 0
110 3.04325e+52 3.04325e+52 0 0
111 9.12976e+52 9.12976e+52 0 0
112 2.73893e+53 2.73893e+53 0 0
113 8.21678e+53 8.21678e+53 0 0
114 2.46503e+54 2.46503e+54 0 0
115 7.3951e+54 7.3951e+54 0 0
116 2.21853e+55 2.21853e+55 0 0
117 6.65559e+55 6.65559e+55 0 0
118 1.99668e+56 1.99668e+56 0 0
119 5.99003e+56 5.99003e+56 0 0
120 1.79701e+57 1.79701e+57 0 0
121 5.39103e+57 5.39103e+57 0 0
122 1.61731e+58 1.61731e+58 0 0
123 4.85193e+58 4.85193e+58 0 0
124 1.45558e+59 1.45558e+59 0 0
125 4.36674e+59 4.36674e+59 0 0
126 1.31002e+60 1.31002e+60 0 0
127 3.93006e+60 3.93006e+60 0 0
128 1.17902e+61 1.17902e+61 0 0
129 3.53706e+61 3.53706e+61 0 0
130 1.06112e+62 1.06112e+62 0 0
131 3.18335e+62 3.18335e+62 0 0
132 9.55005e+62 9.55005e+62 0 0
133 2.86501e+63 2.86501e+63 0 0
134 8.59504e+63 8.59504e+63 0 0
135 2.57851e+64 2.57851e+64 0 0
136 7.73554e+64 7.73554e+64 0 0
137 2.32066e+65 2.32066e+65 0 0
138 6.96199e+65 6.96199e+65 0 0
139 2.0886e+66 2.0886e+66 0 0
140 6.26579e+66 6.26579e+66 0 0
141 1.87974e+67 1.87974e+67 0 0
142 5.63921e+67 5.63921e+67 0 0
143 1.69176e+68 1.69176e+68 0 0
144 5.07529e+68 5.07529e+68 0 0
145 1.52259e+69 1.52259e+69 0 0
146 4.56776e+69 4.56776e+69 0 0
147 1.37033e+70 1.37033e+70 0 0
148 4.11098e+70 4.11098e+70 0 0
149 1.23329e+71 1.23329e+71 0 0
150 3.69988e+71 3.69988e+71 0 0
151 1.10997e+72 1.10997e+72 0 0
152 3.3299e+72 3.3299e+72 0 0
153 9.98969e+72 9.98969e+72 0 0
154 2.99691e+73 2.99691e+73 0 0
155 8.99072e+73 8.99072e+73 0 0
156 2.69722e+74 2.69722e+74 0 0
157 8.09165e+74 8.09165e+74 0 0
158 2.42749e+75 2.42749e+75 0 0
159 7.28248e+75 7.28248e+75 0 0
160 2.18475e+76 2.18475e+76 0 0
161 6.55424e+76 6.55424e+76 0 0
162 1.96627e+77 1.96627e+77 0 0
163 5.89881e+77 5.89881e+77 0 0
164 1.76964e+78 1.76964e+78 0 0
165 5.30893e+78 5.30893e+78 0 0
166 1.59268e+79 1.59268e+79 0 0
167 4.77804e+79 4.77804e+79 0 0
168 1.43341e+80 1.43341e+80 0 0
169 4.30023e+80 4.30023e+80 0 0
170 1.29007e+81 1.29007e+81 0 0
171 3.87021e+81 3.87021e+81 0 0
172 1.16106e+82 1.16106e+82 0 0
173 3.48319e+82 3.48319e+82 0 0
174 1.04496e+83 1.04496e+83 0 0
175 3.13487e+83 3.13487e+83 0 0
176 9.40461e+83 9.40461e+83 0 0
177 2.82138e+84 2.82138e+84 0 0
178 8.46415e+84 8.46415e+84 0 0
179 2.53924e+85 2.53924e+85 0 0
180 7.61773e+85 7.61773e+85 0 0
181 2.28532e+86 2.28532e+86 0 0
182 6.85596e+86 6.85596e+86 0 0
183 2.05679e+87 2.05679e+87 0 0
184 6.17037e+87 6.17037e+87 0 0
185 1.85111e+88 1.85111e+88 0 0
186 5.55333e+88 5.55333e+88 0 0
187 1.666e+89 1.666e+89 0 0
188 4.998e+89 4.998e+89 0 0
189 1.4994e+90 1.4994e+90 0 0
190 4.4982e+90 4.4982e+90 0 0
191 1.34946e+91 1.34946e+91 0 0
192 4.04838e+91 4.04838e+91 0 0
193 1.21451e+92 1.21451e+92 0 0
194 3.64354e+92 3.64354e+92 0 0
195 1.09306e+93 1.09306e+93 0 0
196 3.27919e+93 3.27919e+93 0 0
197 9.83756e+93 9.83756e+93 0 0
198 2.95127e+94 2.95127e+94 0 0
199 8.8538e+94 8.8538e+94 0 0
200 2.65614e+95 2.65614e+95 0 0
201 7.96842e+95 7.96842e+95 0 0
202 2.39053e+96 2.39053e+96 0 0
203 7.17158e+96 7.17158e+96 0 0
204 2.15147e+97 2.15147e+97 0 0
205 6.45442e+97 6.45442e+97 0 0
206 1.93633e+98 1.93633e+98 0 0
207 5.80898e+98 5.80898e+98 0 0
208 1.74269e+99 1.74269e+99 0 0
209 5.22808e+99 5.22808e+99 0 0
210 1.56842e+100 1.56842e+100 0 0
211 4.70527e+100 4.70527e+100 0 0
212 1.41158e+101 1.41158e+101 0 0
213 4.23474e+101 4.23474e+101 0 0
214 1.27042e+102 1.27042e+102 0 0
215 3.81127e+102 3.81127e+102 0 0
216 1.14338e+103 1.14338e+103 0 0
217 3.43014e+103 3.43014e+103 0 0
218 1.02904e+104 1.02904e+104 0 0
219 3.08713e+104 3.08713e+104 0 0
220 9.26139e+104 9.26139e+104 0 0
221 2.77842e+105 2.77842e+105 0 0
222 8.33525e+105 8.33525e+105 0 0
223 2.50057e+106 2.50057e+106 0 0
224 7.50172e+106 7.50172e+106 0 0
225 2.25052e+107 2.25052e+107 0 0
226 6.75155e+107 6.75155e+107 0 0
227 2.02547e+108 2.02547e+108 0 0
228 6.0764e+108 6.0764e+108 0 0
229 1.82292e+109 1.82292e+109 0 0
230 5.46876e+109 5.46876e+109 0 0
231 1.64063e+110 1.64063e+110 0 0
232 4.92188e+110 4.92188e+110 0 0
233 1.47656e+111 1.47656e+111 0 0
234 4.42969e+111 4.42969e+111 0 0
235 1.32891e+112 1.32891e+112 0 0
236 3.98672e+112 3.98672e+112 0 0
237 1.19602e+113 1.19602e+113 0 0
238 3.58805e+113 3.58805e+113 0 0
239 1.07642e+114 1.07642e+114 0 0
240 3.22925e+114 3.22925e+114 0 0
241 9.68774e+114 9.68774e+114 0 0
242 2.90632e+115 2.90632e+115 0 0
243 8.71896e+115 8.71896e+115 0 0
244 2.61569e+116 2.61569e+116 0 0
245 7.84707e+116 7.84707e+116 0 0
246 2.35412e+117 2.35412e+117 0 0
247 7.06236e+117 7.06236e+117 0 0
248 2.11871e+118 2.11871e+118 0 0
249 6.35612e+118 6.35612e+118 0 0
250 1.90684e+119 1.90684e+119 0 0
251 5.72051e+119 5.72051e+119 0 0
252 1.71615e+120 1.71615e+120 0 0
253 5.14846e+120 5.14846e+120 0 0
254 1.54454e+121 1.54454e+121 0 0
255 4.63362e+121 4.63362e+121 0 0
256 1.39008e+122 1.39008e+122 0 0
257 4.17025e+122 4.17025e+122 0 0
258 1.25108e+123 1.25108e+123 0 0
259 3.75323e+123 3.75323e+123 0 0
260 1.12597e+124 1.12597e+124 0 0
261 3.37791e+124 3.37791e+124 0 0
262 1.01337e+125 1.01337e+125 0 0
263 3.04011e+125 3.04011e+125 0 0
264 9.12034e+125 9.12034e+125 0 0
265 2.7361e+126 2.7361e+126 0 0
266 8.20831e+126 8.20831e+126 0 0
267 2.46249e+127 2.46249e+127 0 0
268 7.38748e+127 7.38748e+127 0 0
269 2.21624e+128 2.21624e+128 0 0
270 6.64873e+128 6.64873e+128 0 0
271 1.99462e+129 1.99462e+129 0 0
272 5.98386e+129 5.98386e+129 0 0
273 1.79516e+130 1.79516e+130 0 0
274 5.38547e+130 5.38547e+130 0 0
275 1.61564e+131 1.61564e+131 0 0
276 4.84693e+131 4.84693e+131 0 0
277 1.45408e+132 1.45408e+132 0 0
278 4.36223e+132 4.36223e+132 0 0
279 1.30867e+133 1.30867e+133 0 0
280 3.92601e+133 3.92601e+133 0 0
281 1.1778e+134 1.1778e+134 0 0
282 3.53341e+134 3.53341e+134 0 0
283 1.06002e+135 1.06002e+135 0 0
284 3.18007e+135 3.18007e+135 0 0
285 9.5402e+135 9.5402e+135 0 0
286 2.86206e+136 2.86206e+136 0 0
287 8.58618e+136 8.58618e+136 0 0
288 2.57585e+137 2.57585e+137 0 0
289 7.72756e+137 7.72756e+137 0 0
290 2.31827e+138 2.31827e+138 0 0
291 6.95481e+138 6.95481e+138 0 0
292 2.08644e+139 2.08644e+139 0 0
293 6.25933e+139 6.25933e+139 0 0
294 1.8778e+140 1.8778e+140 0 0
295 5.63339e+140 5.63339e+140 0 0
296 1.69002e+141 1.69002e+141 0 0
297 5.07005e+141 5.07005e+141 0 0
298 1.52102e+142 1.52102e+142 0 0
299 4.56305e+142 4.56305e+142 0 0
300 1.36891e+143 1.36891e+143 0 0
301 4.10674e+143 4.10674e+143 0 0
302 1.23202e+144 1.23202e+144 0 0
303 3.69607e+144 3.69607e+144 0 0
304 1.10882e+145 1.10882e+145 0 0
305 3.32646e+145 3.32646e+145 0 0
306 9.97939e+145 9.97939e+145 0 0
307 2.99382e+146 2.99382e+146 0 0
308 8.98145e+146 8.98145e+146 0 0
309 2.69443e+147 2.69443e+147 0 0
310 8.0833e+147 8.0833e+147 0 0
311 2.42499e+148 2.42499e+148 0 0
312 7.27497e+148 7.27497e+148 0 0
313 2.18249e+149 2.18249e+149 0 0
314 6.54748e+149 6.54748e+149 0 0
315 1.96424e+150 1.96424e+150 0 0
316 5.89273e+150 5.89273e+150 0 0
317 1.76782e+151 1.76782e+151 0 0
318 5.30346e+151 5.30346e+151 0 0
319 1.59104e+152 1.59104e+152 0 0
320 4.77311e+152 4.77311e+152 0 0
321 1.43193e+153 1.43193e+153 0 0
322 4.2958e+153 4.2958e+153 0 0
323 1.28874e+154 1.28874e+154 0 0
324 3.86622e+154 3.86622e+154 0 0
325 1.15987e+155 1.15987e+155 0 0
326 3.4796e+155 3.4796e+155 0 0
327 1.04388e+156 1.04388e+156 0 0
328 3.13164e+156 3.13164e+156 0 0
329 9.39491e+156 9.39491e+156 0 0
330 2.81847e+157 2.81847e+157 0 0
331 8.45542e+157 8.45542e+157 0 0
332 2.53663e+158 2.53663e+158 0 0
333 7.60988e+158 7.60988e+158 0 0
334 2.28296e+159 2.28296e+159 0 0
335 6.84889e+159 6.84889e+159 0 0
336 2.05467e+160 2.05467e+160 0 0
337 6.164e+160 6.164e+160 0 0
338 1.8492e+161 1.8492e+161 0 0
339 5.5476e+161 5.5476e+161 0 0
340 1.66428e+162 1.66428e+162 0 0
341 4.99284e+162 4.99284e+162 0 0
342 1.49785e+163 1.49785e+163 0 0
343 4.49356e+163 4.49356e+163 0 0
344 1.34807e+164 1.34807e+164 0 0
345 4.0442e+164 4.0442e+164 0 1
346 1.21326e+165 1.21326e+165 0 0
347 3.63978e+165 3.63978e+165 0 0
348 1.09193e+166 1.09193e+166 0 0
349 3.2758e+166 3.2758e+166 0 0
350 9.82741e+166 9.82741e+166 0 0
